avx:1.26588 
avy:0.879911 
avz:-0.238308 
r95:0.053935